image: first_map.pgm
resolution: 0.050000
origin: [-23.6.000000, -23.600000, 0.000000]
negate: 0
occupied_thresh: 0.65
free_thresh: 0.196

