image: second_map_framed.pgm
resolution: 0.050000
origin: [-18.6500, -20.0750000, 0]
negate: 0
occupied_thresh: 0.65
free_thresh: 0.196

